0.00 1.16 1.70 0.98 1.45 1.10 1.35 0.84 0.44 0.93 1.15 0.46 1.09 1.02 0.76 0.51 0.83 1.00 0.87 0.51
1.16 0.00 0.74 0.65 0.86 0.90 1.03 0.84 0.85 1.22 1.16 1.81 0.42 0.80 1.23 1.20 1.21 0.83 0.64 1.18
1.70 0.74 0.00 0.93 0.76 0.83 0.75 1.05 1.14 1.28 0.61 1.35 0.45 1.01 1.14 1.27 1.43 0.78 0.69 1.79
0.98 0.65 0.93 0.00 1.14 1.38 0.67 1.54 0.74 1.14 1.28 1.43 0.92 1.15 0.76 0.68 0.85 0.71 0.80 0.91
1.45 0.86 0.76 1.14 0.00 1.10 1.21 0.79 1.70 0.84 1.15 1.45 0.98 0.77 0.89 1.27 1.31 0.71 1.20 0.91
1.10 0.90 0.83 1.38 1.10 0.00 0.90 0.35 1.21 0.73 1.07 0.96 0.80 1.26 0.81 0.69 1.12 1.54 1.31 0.97
1.35 1.03 0.75 0.67 1.21 0.90 0.00 1.16 1.31 1.58 1.47 1.18 0.98 1.41 0.97 0.75 1.13 1.01 1.28 1.16
0.84 0.84 1.05 1.54 0.79 0.35 1.16 0.00 1.34 0.81 1.06 0.87 0.88 1.23 0.64 0.69 1.63 0.95 1.28 0.99
0.44 0.85 1.14 0.74 1.70 1.21 1.31 1.34 0.00 1.08 0.68 0.79 0.82 0.70 1.31 0.97 0.66 1.11 0.26 1.13
0.93 1.22 1.28 1.14 0.84 0.73 1.58 0.81 1.08 0.00 0.75 0.82 1.53 0.98 0.60 0.76 0.81 1.28 1.21 0.64
1.15 1.16 0.61 1.28 1.15 1.07 1.47 1.06 0.68 0.75 0.00 0.64 0.90 1.03 1.05 1.34 1.20 0.77 0.66 1.67
0.46 1.81 1.35 1.43 1.45 0.96 1.18 0.87 0.79 0.82 0.64 0.00 1.35 1.30 0.70 0.66 0.99 1.05 1.15 0.95
1.09 0.42 0.45 0.92 0.98 0.80 0.98 0.88 0.82 1.53 0.90 1.35 0.00 1.06 1.19 1.27 1.23 0.81 0.73 1.40
1.02 0.80 1.01 1.15 0.77 1.26 1.41 1.23 0.70 0.98 1.03 1.30 1.06 0.00 1.73 1.47 0.66 1.31 0.34 0.94
0.76 1.23 1.14 0.76 0.89 0.81 0.97 0.64 1.31 0.60 1.05 0.70 1.19 1.73 0.00 0.25 1.38 0.62 1.52 0.75
0.51 1.20 1.27 0.68 1.27 0.69 0.75 0.69 0.97 0.76 1.34 0.66 1.27 1.47 0.25 0.00 1.18 0.98 1.21 0.65
0.83 1.21 1.43 0.85 1.31 1.12 1.13 1.63 0.66 0.81 1.20 0.99 1.23 0.66 1.38 1.18 0.00 1.69 0.99 0.45
1.00 0.83 0.78 0.71 0.71 1.54 1.01 0.95 1.11 1.28 0.77 1.05 0.81 1.31 0.62 0.98 1.69 0.00 0.91 1.39
0.87 0.64 0.69 0.80 1.20 1.31 1.28 1.28 0.26 1.21 0.66 1.15 0.73 0.34 1.52 1.21 0.99 0.91 0.00 1.44
0.51 1.18 1.79 0.91 0.91 0.97 1.16 0.99 1.13 0.64 1.67 0.95 1.40 0.94 0.75 0.65 0.45 1.39 1.44 0.00
